Obs.	statenum	casenum	vnumber	pnumber	atmcond	atmcond2	city	county	acchr	accmon	dayofweek	lightcond	intersectiontype	injury	

1	25	1	1	1	10	0	770	23	12	1	3	1	1	3	
2	25	1	2	1	10	0	770	23	12	1	3	1	1	4	
3	25	1	3	1	10	0	770	23	12	1	3	1	1	3	
4	25	1	3	2	10	0	770	23	12	1	3	1	1	4	
5	25	2	0	1	1	0	870	17	6	1	5	2	1	4	
6	25	2	1	1	1	0	870	17	6	1	5	2	1	0	
7	25	2	2	1	1	0	870	17	6	1	5	2	1	0	
8	25	3	1	1	1	0	7	5	8	1	4	1	3	4	
9	25	4	0	1	5	0	1520	27	23	1	1	2	1	4	
10	25	4	1	1	5	0	1520	27	23	1	1	2	1	0	
11	25	6	1	1	1	0	1247	13	1	1	2	2	1	1	
12	25	6	1	2	1	0	1247	13	1	1	2	2	1	4	
13	25	6	1	3	1	0	1247	13	1	1	2	2	1	2	
14	25	7	0	1	1	0	1000	9	13	1	1	1	1	4	
15	25	7	1	1	1	0	1000	9	13	1	1	1	1	0	
16	25	7	1	2	1	0	1000	9	13	1	1	1	1	0	
17	25	8	1	1	1	0	1067	5	22	1	6	2	3	4	
18	25	9	1	1	1	0	1270	13	3	1	1	3	3	4	
19	25	10	1	1	2	12	1100	27	22	1	3	3	1	4	
20	25	10	1	2	2	12	1100	27	22	1	3	3	1	1	
21	25	11	1	1	1	0	140	23	4	2	7	3	1	4	
22	25	12	1	1	4	0	123	27	19	2	1	3	1	4	
23	25	13	1	1	1	0	32	27	15	2	2	1	1	4	
24	25	14	1	1	10	0	765	9	16	2	5	1	1	4	
25	25	14	1	2	10	0	765	9	16	2	5	1	1	3	
26	25	16	1	1	1	0	924	5	14	2	3	1	1	4	
27	25	16	2	1	1	0	924	5	14	2	3	1	1	1	
28	25	17	1	1	1	0	500	13	1	2	6	3	1	1	
29	25	17	1	2	1	0	500	13	1	2	6	3	1	4	
30	25	17	1	3	1	0	500	13	1	2	6	3	1	1	
31	25	18	1	1	1	10	50	5	10	2	3	1	3	4	
32	25	19	1	1	10	0	251	5	7	2	4	1	1	4	
33	25	20	1	1	2	3	1280	5	1	2	1	3	1	4	
34	25	21	1	1	4	0	1360	23	5	2	2	4	3	4	
35	25	22	0	1	1	0	1270	13	12	2	2	1	3	4	
36	25	22	1	1	1	0	1270	13	12	2	2	1	3	0	
37	25	23	1	1	10	0	1064	5	7	2	2	1	1	4	
38	25	24	1	1	1	0	1280	5	18	2	2	2	1	4	
39	25	25	1	1	1	0	550	9	18	2	3	3	3	4	
40	25	26	0	1	1	0	155	21	19	3	3	3	1	4	
41	25	26	1	1	1	0	155	21	19	3	3	3	1	0	
42	25	27	1	1	4	0	299	5	0	3	6	3	3	4	
43	25	27	2	1	4	0	299	5	0	3	6	3	3	0	
44	25	28	1	1	1	0	650	9	7	2	7	1	1	4	
45	25	28	1	2	1	0	650	9	7	2	7	1	1	1	
46	25	28	2	1	1	0	650	9	7	2	7	1	1	0	
47	25	28	2	2	1	0	650	9	7	2	7	1	1	0	
48	25	29	1	1	1	0	458	3	11	3	7	1	1	4	
49	25	30	0	1	1	0	1444	9	20	3	7	2	1	4	
50	25	30	1	1	1	0	1444	9	20	3	7	2	1	0	
51	25	31	1	1	1	0	114	13	21	4	6	2	1	4	
52	25	32	1	1	1	0	121	1	17	2	6	5	1	4	
53	25	32	1	2	1	0	121	1	17	2	6	5	1	4	
54	25	32	2	1	1	0	121	1	17	2	6	5	1	2	
55	25	33	1	1	4	0	1500	27	15	3	3	1	1	0	
56	25	33	2	1	4	0	1500	27	15	3	3	1	1	4	
57	25	34	1	1	10	0	1490	17	20	3	1	2	1	2	
58	25	34	1	2	10	0	1490	17	20	3	1	2	1	2	
59	25	34	2	1	10	0	1490	17	20	3	1	2	1	4	
60	25	35	1	1	1	0	1395	27	20	3	1	3	1	4	
61	25	35	1	2	1	0	1395	27	20	3	1	3	1	0	
62	25	36	1	1	10	4	350	27	10	2	1	1	1	3	
63	25	36	2	1	10	4	350	27	10	2	1	1	1	4	
64	25	36	2	2	10	4	350	27	10	2	1	1	1	4	
65	25	37	1	1	1	0	770	23	23	4	7	3	4	4	
66	25	39	1	1	1	0	1340	17	0	3	1	3	1	4	
67	25	39	2	1	1	0	1340	17	0	3	1	3	1	0	
68	25	40	0	1	2	0	1520	27	18	2	4	3	3	4	
69	25	40	1	1	2	0	1520	27	18	2	4	3	3	0	
70	25	41	1	1	1	0	770	23	21	3	7	3	2	1	
71	25	41	2	1	1	0	770	23	21	3	7	3	2	4	
72	25	42	1	1	1	0	1270	13	10	3	7	1	2	1	
73	25	42	1	2	1	0	1270	13	10	3	7	1	2	4	
74	25	42	2	1	1	0	1270	13	10	3	7	1	2	0	
75	25	43	1	1	1	0	910	27	13	4	2	1	1	4	
76	25	44	1	1	10	0	1520	27	22	3	2	3	1	2	
77	25	44	1	2	10	0	1520	27	22	3	2	3	1	4	
78	25	44	1	3	10	0	1520	27	22	3	2	3	1	2	
79	25	44	1	4	10	0	1520	27	22	3	2	3	1	3	
80	25	45	1	1	1	0	520	17	13	4	2	1	1	4	
81	25	46	1	1	98	0	255	9	6	4	7	2	1	4	
82	25	47	0	1	98	0	170	17	5	4	4	2	1	4	
83	25	47	1	1	98	0	170	17	5	4	4	2	1	0	
84	25	48	1	1	1	0	564	23	2	3	7	2	1	2	
85	25	48	1	2	1	0	564	23	2	3	7	2	1	3	
86	25	48	2	1	1	0	564	23	2	3	7	2	1	4	
87	25	49	1	1	1	0	1064	5	19	4	2	3	1	0	
88	25	49	2	1	1	0	1064	5	19	4	2	3	1	4	
89	25	50	1	1	10	0	1190	17	4	4	3	3	2	2	
90	25	50	2	1	10	0	1190	17	4	4	3	3	2	4	
91	25	50	2	2	10	0	1190	17	4	4	3	3	2	2	
92	25	51	0	1	1	0	1360	23	20	4	6	3	1	4	
93	25	51	1	1	1	0	1360	23	20	4	6	3	1	0	
94	25	52	1	1	1	0	500	13	18	4	7	1	3	4	
95	25	52	2	1	1	0	500	13	18	4	7	1	3	2	
96	25	53	1	1	1	0	140	23	0	4	1	3	1	2	
97	25	53	1	2	1	0	140	23	0	4	1	3	1	2	
98	25	53	1	3	1	0	140	23	0	4	1	3	1	4	
99	25	53	1	4	1	0	140	23	0	4	1	3	1	2	
100	25	53	1	5	1	0	140	23	0	4	1	3	1	5	
101	25	54	0	1	10	2	136	25	6	5	5	4	1	4	
102	25	54	1	1	10	2	136	25	6	5	5	4	1	0	
103	25	55	0	1	1	0	740	17	19	5	3	1	2	4	
104	25	55	1	1	1	0	740	17	19	5	3	1	2	0	
105	25	55	1	2	1	0	740	17	19	5	3	1	2	5	
106	25	55	1	3	1	0	740	17	19	5	3	1	2	5	
107	25	56	1	1	2	0	55	27	22	5	4	3	1	4	
108	25	56	1	2	2	0	55	27	22	5	4	3	1	3	
109	25	56	2	1	2	0	55	27	22	5	4	3	1	0	
110	25	57	1	1	1	0	180	21	23	5	6	3	1	3	
111	25	57	1	2	1	0	180	21	23	5	6	3	1	4	
112	25	58	1	1	10	0	385	5	18	5	3	1	1	4	
113	25	58	2	1	10	0	385	5	18	5	3	1	1	0	
114	25	59	1	1	2	0	1000	9	0	5	6	3	1	2	
115	25	59	1	2	2	0	1000	9	0	5	6	3	1	4	
116	25	60	1	1	1	0	100	9	13	5	1	1	3	4	
117	25	61	1	1	10	2	1390	27	21	5	7	2	3	4	
118	25	62	1	1	10	0	520	17	19	6	1	5	1	4	
119	25	63	1	1	1	0	40	27	20	5	3	2	1	4	
120	25	64	0	1	10	0	30	15	16	5	1	1	2	4	
121	25	64	1	1	10	0	30	15	16	5	1	1	2	0	
122	25	65	1	1	1	10	870	17	19	6	1	5	1	3	
123	25	65	1	2	1	10	870	17	19	6	1	5	1	4	
124	25	66	0	1	1	0	195	17	2	6	5	3	1	4	
125	25	66	1	1	1	0	195	17	2	6	5	3	1	0	
126	25	67	1	1	10	0	585	27	13	6	1	1	1	4	
127	25	67	2	1	10	0	585	27	13	6	1	1	1	3	
128	25	68	1	1	1	0	330	1	17	6	6	1	1	4	
129	25	69	1	1	1	0	696	23	11	6	1	1	98	2	
130	25	69	1	2	1	0	696	23	11	6	1	1	98	4	
131	25	69	1	3	1	0	696	23	11	6	1	1	98	3	
132	25	69	1	4	1	0	696	23	11	6	1	1	98	3	
133	25	69	1	5	1	0	696	23	11	6	1	1	98	3	
134	25	69	1	6	1	0	696	23	11	6	1	1	98	2	
135	25	69	1	7	1	0	696	23	11	6	1	1	98	2	
136	25	69	1	8	1	0	696	23	11	6	1	1	98	3	
137	25	71	1	1	1	0	1283	27	11	6	7	1	1	4	
138	25	72	1	1	10	0	612	11	1	7	4	2	1	4	
139	25	73	0	1	2	10	1125	9	4	6	6	3	98	4	
140	25	73	1	1	2	10	1125	9	4	6	6	3	98	9	
141	25	74	1	1	10	8	500	13	15	7	4	1	1	9	
142	25	74	1	2	10	8	500	13	15	7	4	1	1	9	
143	25	74	2	1	10	8	500	13	15	7	4	1	1	4	
144	25	74	2	2	10	8	500	13	15	7	4	1	1	3	
145	25	74	2	3	10	8	500	13	15	7	4	1	1	3	
146	25	75	1	1	10	2	870	17	12	5	7	1	1	0	
147	25	75	2	1	10	2	870	17	12	5	7	1	1	4	
148	25	75	2	2	10	2	870	17	12	5	7	1	1	9	
149	25	75	2	3	10	2	870	17	12	5	7	1	1	9	
150	25	75	3	1	10	2	870	17	12	5	7	1	1	0	
151	25	75	3	2	10	2	870	17	12	5	7	1	1	9	
152	25	76	0	1	1	0	1185	5	23	6	6	3	1	4	
153	25	76	1	1	1	0	1185	5	23	6	6	3	1	0	
154	25	77	0	1	1	0	105	17	22	6	7	2	1	4	
155	25	77	1	1	1	0	105	17	22	6	7	2	1	0	
156	25	77	1	2	1	0	105	17	22	6	7	2	1	0	
157	25	77	2	1	1	0	105	17	22	6	7	2	1	0	
158	25	77	2	2	1	0	105	17	22	6	7	2	1	0	
159	25	77	2	3	1	0	105	17	22	6	7	2	1	0	
160	25	78	1	1	1	0	121	1	20	7	5	1	1	4	
161	25	78	2	1	1	0	121	1	20	7	5	1	1	4	
162	25	78	2	2	1	0	121	1	20	7	5	1	1	2	
163	25	78	2	3	1	0	121	1	20	7	5	1	1	2	
164	25	78	2	4	1	0	121	1	20	7	5	1	1	3	
165	25	78	2	5	1	0	121	1	20	7	5	1	1	3	
166	25	78	2	6	1	0	121	1	20	7	5	1	1	3	
167	25	78	3	1	1	0	121	1	20	7	5	1	1	9	
168	25	79	1	1	1	0	1280	5	20	7	7	5	1	4	
169	25	79	1	2	1	0	1280	5	20	7	7	5	1	3	
170	25	80	1	1	1	0	450	11	3	7	1	2	1	4	
171	25	80	1	2	1	0	450	11	3	7	1	2	1	4	
172	25	81	1	1	1	0	1400	23	10	6	7	1	1	4	
173	25	81	2	1	1	0	1400	23	10	6	7	1	1	0	
174	25	82	0	1	1	0	1085	23	6	1	4	4	1	4	
175	25	82	1	1	1	0	1085	23	6	1	4	4	1	0	
176	25	82	1	2	1	0	1085	23	6	1	4	4	1	0	
177	25	83	1	1	10	0	1320	27	15	1	6	1	1	4	
178	25	83	2	1	10	0	1320	27	15	1	6	1	1	3	
179	25	84	0	1	10	5	1430	13	11	1	1	1	3	4	
180	25	84	1	1	10	5	1430	13	11	1	1	1	3	0	
181	25	85	1	1	10	0	122	9	10	2	2	1	4	4	
182	25	86	0	1	1	0	1282	17	18	2	3	2	3	4	
183	25	86	1	1	1	0	1282	17	18	2	3	2	3	2	
184	25	87	0	1	1	0	120	25	17	1	4	2	1	4	
185	25	87	1	1	1	0	120	25	17	1	4	2	1	9	
186	25	88	0	1	2	0	120	25	19	2	4	3	3	4	
187	25	88	1	1	2	0	120	25	19	2	4	3	3	0	
188	25	89	0	1	1	0	1380	27	23	1	3	2	1	4	
189	25	89	1	1	1	0	1380	27	23	1	3	2	1	0	
190	25	90	1	1	10	0	36	17	7	2	6	1	1	4	
191	25	90	2	1	10	0	36	17	7	2	6	1	1	3	
192	25	91	1	1	98	0	120	25	21	3	4	6	3	9	
193	25	91	2	1	98	0	120	25	21	3	4	6	3	4	
194	25	92	1	1	1	0	1013	27	10	4	7	1	3	3	
195	25	92	1	2	1	0	1013	27	10	4	7	1	3	4	
196	25	92	2	1	1	0	1013	27	10	4	7	1	3	3	
197	25	92	2	2	1	0	1013	27	10	4	7	1	3	2	
198	25	92	2	3	1	0	1013	27	10	4	7	1	3	0	
199	25	93	1	1	1	0	1520	27	22	5	6	3	1	0	
200	25	93	2	1	1	0	1520	27	22	5	6	3	1	4	
201	25	94	1	1	2	0	94	21	6	6	6	1	1	0	
202	25	94	1	2	2	0	94	21	6	6	6	1	1	4	
203	25	94	1	3	2	0	94	21	6	6	6	1	1	2	
204	25	95	1	1	1	0	980	27	12	6	3	1	1	3	
205	25	95	1	2	1	0	980	27	12	6	3	1	1	4	
206	25	96	1	1	1	0	137	13	16	4	2	1	1	4	
207	25	97	1	1	1	0	1441	5	15	5	6	1	2	2	
208	25	97	1	2	1	0	1441	5	15	5	6	1	2	4	
209	25	97	2	1	1	0	1441	5	15	5	6	1	2	2	
210	25	98	0	1	2	0	120	25	15	5	1	1	7	4	
211	25	98	1	1	2	0	120	25	15	5	1	1	7	0	
212	25	99	1	1	1	0	1530	21	23	6	4	2	1	4	
213	25	100	1	1	1	0	130	23	6	6	1	1	1	4	
214	25	100	2	1	1	0	130	23	6	6	1	1	1	2	
215	25	100	3	1	1	0	130	23	6	6	1	1	1	0	
216	25	101	1	1	2	0	1204	27	20	6	3	6	1	1	
217	25	101	1	2	2	0	1204	27	20	6	3	6	1	4	
218	25	102	0	1	2	5	1360	23	20	5	4	3	1	4	
219	25	102	1	1	2	5	1360	23	20	5	4	3	1	0	
220	25	103	1	1	1	0	1350	15	16	6	7	1	3	1	
221	25	103	1	2	1	0	1350	15	16	6	7	1	3	1	
222	25	103	1	3	1	0	1350	15	16	6	7	1	3	1	
223	25	103	1	4	1	0	1350	15	16	6	7	1	3	1	
224	25	103	2	1	1	0	1350	15	16	6	7	1	3	4	
225	25	104	0	1	1	0	1520	27	13	5	3	1	1	4	
226	25	104	1	1	1	0	1520	27	13	5	3	1	1	0	
227	25	105	1	1	1	0	299	5	22	6	1	3	1	4	
228	25	106	0	1	1	0	1110	9	9	6	7	1	3	4	
229	25	106	1	1	1	0	1110	9	9	6	7	1	3	0	
230	25	107	0	1	1	0	1520	27	21	6	6	3	3	4	
231	25	107	1	1	1	0	1520	27	21	6	6	3	3	0	
232	25	108	1	1	1	0	654	9	15	7	3	1	3	4	
233	25	108	2	1	1	0	654	9	15	7	3	1	3	0	
234	25	109	1	1	1	0	35	9	18	7	7	1	1	4	
235	25	110	1	1	98	0	120	25	3	7	7	3	1	4	
236	25	110	1	2	98	0	120	25	3	7	7	3	1	3	
237	25	110	1	3	98	0	120	25	3	7	7	3	1	3	
238	25	110	1	4	98	0	120	25	3	7	7	3	1	5	
239	25	111	1	1	1	0	55	27	4	7	1	2	1	3	
240	25	111	2	1	1	0	55	27	4	7	1	2	1	4	
241	25	111	3	1	1	0	55	27	4	7	1	2	1	2	
242	25	111	3	2	1	0	55	27	4	7	1	2	1	2	
243	25	112	0	1	1	0	470	9	8	7	6	1	1	4	
244	25	112	1	1	1	0	470	9	8	7	6	1	1	0	
245	25	113	1	1	1	0	925	21	4	7	2	2	3	0	
246	25	113	2	1	1	0	925	21	4	7	2	2	3	4	
247	25	114	1	1	1	0	140	23	13	8	3	1	2	4	
248	25	114	1	2	1	0	140	23	13	8	3	1	2	4	
249	25	114	1	3	1	0	140	23	13	8	3	1	2	4	
250	25	114	2	1	1	0	140	23	13	8	3	1	2	1	
251	25	115	1	1	1	0	350	27	22	6	6	3	3	3	
252	25	115	1	2	1	0	350	27	22	6	6	3	3	4	
253	25	116	0	1	1	0	720	17	4	8	4	3	4	2	
254	25	116	0	2	1	0	720	17	4	8	4	3	4	4	
255	25	116	1	1	1	0	720	17	4	8	4	3	4	0	
256	25	117	1	1	1	0	120	25	14	7	3	1	1	0	
257	25	117	2	1	1	0	120	25	14	7	3	1	1	4	
258	25	118	0	1	1	0	650	9	17	7	1	1	98	4	
259	25	118	1	1	1	0	650	9	17	7	1	1	98	9	
260	25	119	1	1	1	0	650	9	5	7	1	4	1	4	
261	25	120	1	1	1	0	200	25	16	8	5	1	1	4	
262	25	120	1	2	1	0	200	25	16	8	5	1	1	1	
263	25	121	1	1	1	0	912	5	7	3	6	1	1	4	
264	25	122	1	1	1	0	770	23	10	7	7	1	1	4	
265	25	123	0	1	1	10	1430	13	15	5	2	1	4	4	
266	25	123	1	1	1	10	1430	13	15	5	2	1	4	1	
267	25	124	1	1	1	0	380	21	15	5	2	1	1	4	
268	25	125	1	1	1	0	740	17	11	8	3	1	1	4	
269	25	125	2	1	1	0	740	17	11	8	3	1	1	1	
270	25	126	0	1	1	0	480	27	18	8	5	5	3	4	
271	25	126	1	1	1	0	480	27	18	8	5	5	3	0	
272	25	126	1	2	1	0	480	27	18	8	5	5	3	0	
273	25	126	1	3	1	0	480	27	18	8	5	5	3	0	
274	25	127	1	1	10	0	20	9	14	7	6	1	1	4	
275	25	127	2	1	10	0	20	9	14	7	6	1	1	1	
276	25	127	3	1	10	0	20	9	14	7	6	1	1	0	
277	25	127	4	1	10	0	20	9	14	7	6	1	1	1	
278	25	127	5	1	10	0	20	9	14	7	6	1	1	0	
279	25	127	6	1	10	0	20	9	14	7	6	1	1	0	
280	25	128	1	1	1	10	36	17	20	7	1	5	4	4	
281	25	129	1	1	1	0	785	27	1	8	1	3	4	4	
282	25	130	1	1	1	0	1280	5	19	8	1	5	1	4	
283	25	130	2	1	1	0	1280	5	19	8	1	5	1	2	
284	25	131	1	1	1	0	1010	17	2	8	6	2	1	2	
285	25	131	1	2	1	0	1010	17	2	8	6	2	1	4	
286	25	132	1	1	1	0	350	27	8	5	1	1	1	4	
287	25	132	1	2	1	0	350	27	8	5	1	1	1	4	
288	25	133	0	1	1	0	1270	13	19	5	3	1	1	4	
289	25	133	1	1	1	0	1270	13	19	5	3	1	1	0	
290	25	134	0	1	1	0	120	25	6	6	1	1	3	4	
291	25	134	1	1	1	0	120	25	6	6	1	1	3	0	
292	25	135	0	1	1	0	1385	1	12	8	7	1	1	4	
293	25	135	1	1	1	0	1385	1	12	8	7	1	1	0	
294	25	135	1	2	1	0	1385	1	12	8	7	1	1	0	
295	25	136	1	1	5	0	259	1	22	8	3	3	1	4	
296	25	137	1	1	1	0	1385	1	20	8	7	2	1	4	
297	25	137	2	1	1	0	1385	1	20	8	7	2	1	2	
298	25	137	2	2	1	0	1385	1	20	8	7	2	1	2	
299	25	138	0	1	1	0	745	27	12	6	4	1	1	4	
300	25	138	1	1	1	0	745	27	12	6	4	1	1	0	
301	25	139	0	1	10	0	660	17	18	1	4	2	2	4	
302	25	139	0	2	10	0	660	17	18	1	4	2	2	3	
303	25	139	1	1	10	0	660	17	18	1	4	2	2	0	
304	25	140	1	1	1	0	470	9	22	6	1	2	1	2	
305	25	140	1	2	1	0	470	9	22	6	1	2	1	4	
306	25	141	0	1	10	0	58	21	6	3	3	2	3	4	
307	25	141	1	1	10	0	58	21	6	3	3	2	3	0	
308	25	142	1	1	10	0	210	13	0	4	4	3	3	4	
309	25	143	1	1	2	0	850	5	3	5	1	3	3	1	
310	25	143	2	1	2	0	850	5	3	5	1	3	3	4	
311	25	144	1	1	1	0	475	23	0	7	7	2	1	2	
312	25	144	1	2	1	0	475	23	0	7	7	2	1	4	
313	25	145	1	1	1	0	1439	27	4	7	4	2	1	4	
314	25	146	1	1	1	0	124	17	4	7	1	3	1	4	
315	25	147	1	1	10	0	570	9	1	7	7	3	1	4	
316	25	148	0	1	1	0	1410	27	18	8	2	1	1	4	
317	25	148	1	1	1	0	1410	27	18	8	2	1	1	0	
318	25	148	1	2	1	0	1410	27	18	8	2	1	1	1	
319	25	149	0	1	1	0	140	23	22	8	5	3	2	4	
320	25	149	1	1	1	0	140	23	22	8	5	3	2	0	
321	25	150	1	1	2	0	770	23	4	9	1	3	1	4	
322	25	151	0	1	2	1	299	5	9	9	2	1	3	4	
323	25	151	1	1	2	1	299	5	9	9	2	1	3	1	
324	25	152	1	1	10	0	1060	21	21	9	7	3	4	4	
325	25	152	1	2	10	0	1060	21	21	9	7	3	4	3	
326	25	153	1	1	1	0	560	23	21	9	1	2	3	4	
327	25	154	1	1	98	0	220	27	3	8	7	8	4	4	
328	25	154	1	2	98	0	220	27	3	8	7	8	4	4	
329	25	155	1	1	1	0	1040	23	3	7	7	6	1	1	
330	25	155	2	1	1	0	1040	23	3	7	7	6	1	4	
331	25	156	1	1	1	0	570	9	18	7	4	1	2	0	
332	25	156	1	2	1	0	570	9	18	7	4	1	2	2	
333	25	156	1	3	1	0	570	9	18	7	4	1	2	2	
334	25	156	2	1	1	0	570	9	18	7	4	1	2	4	
335	25	157	1	1	1	0	880	3	1	8	4	3	4	9	
336	25	157	1	2	1	0	880	3	1	8	4	3	4	4	
337	25	158	0	1	10	0	190	1	18	7	7	1	1	4	
338	25	158	1	1	10	0	190	1	18	7	7	1	1	2	
339	25	158	2	1	10	0	190	1	18	7	7	1	1	2	
340	25	158	2	2	10	0	190	1	18	7	7	1	1	3	
341	25	158	2	3	10	0	190	1	18	7	7	1	1	3	
342	25	158	2	4	10	0	190	1	18	7	7	1	1	2	
343	25	159	1	1	1	0	1260	27	22	8	7	3	4	4	
344	25	159	1	2	1	0	1260	27	22	8	7	3	4	3	
345	25	159	2	1	1	0	1260	27	22	8	7	3	4	1	
346	25	159	2	2	1	0	1260	27	22	8	7	3	4	0	
347	25	160	1	1	1	0	585	27	23	8	4	2	1	4	
348	25	160	2	1	1	0	585	27	23	8	4	2	1	2	
349	25	161	1	1	1	0	181	23	16	8	1	1	1	4	
350	25	161	2	1	1	0	181	23	16	8	1	1	1	2	
351	25	161	2	2	1	0	181	23	16	8	1	1	1	2	
352	25	162	0	1	1	0	1276	21	20	7	1	2	4	4	
353	25	162	1	1	1	0	1276	21	20	7	1	2	4	0	
354	25	163	1	1	10	0	263	27	19	8	7	3	4	2	
355	25	163	1	2	10	0	263	27	19	8	7	3	4	4	
356	25	163	1	3	10	0	263	27	19	8	7	3	4	2	
357	25	163	1	4	10	0	263	27	19	8	7	3	4	9	
358	25	163	2	1	10	0	263	27	19	8	7	3	4	0	
359	25	163	2	2	10	0	263	27	19	8	7	3	4	1	
360	25	164	1	1	2	0	1282	17	23	9	5	2	1	4	
361	25	164	2	1	2	0	1282	17	23	9	5	2	1	0	
362	25	165	1	1	1	0	350	27	10	9	5	1	1	4	
363	25	166	1	1	1	0	895	5	20	9	7	2	1	4	
364	25	166	2	1	1	0	895	5	20	9	7	2	1	4	
365	25	166	2	2	1	0	895	5	20	9	7	2	1	9	
366	25	167	1	1	1	0	877	21	2	7	7	3	3	0	
367	25	167	1	2	1	0	877	21	2	7	7	3	3	4	
368	25	168	1	1	1	0	500	13	1	9	1	3	2	3	
369	25	168	1	2	1	0	500	13	1	9	1	3	2	3	
370	25	168	1	3	1	0	500	13	1	9	1	3	2	4	
371	25	168	1	4	1	0	500	13	1	9	1	3	2	4	
372	25	168	2	1	1	0	500	13	1	9	1	3	2	2	
373	25	168	2	2	1	0	500	13	1	9	1	3	2	9	
374	25	169	1	1	1	0	980	27	11	9	3	1	3	0	
375	25	169	2	1	1	0	980	27	11	9	3	1	3	4	
376	25	170	1	1	10	0	1441	5	17	9	1	1	1	4	
377	25	171	1	1	1	0	1439	27	18	9	7	1	1	4	
378	25	172	1	1	1	0	926	23	8	9	3	1	1	4	
379	25	172	2	1	1	0	926	23	8	9	3	1	1	2	
380	25	173	1	1	1	0	1270	13	9	9	5	1	3	4	
381	25	173	2	1	1	0	1270	13	9	9	5	1	3	0	
382	25	173	2	2	1	0	1270	13	9	9	5	1	3	0	
383	25	173	2	3	1	0	1270	13	9	9	5	1	3	0	
384	25	174	1	1	2	10	1040	23	0	9	1	2	1	4	
385	25	174	1	2	2	10	1040	23	0	9	1	2	1	4	
386	25	174	2	1	2	10	1040	23	0	9	1	2	1	3	
387	25	175	1	1	98	0	9997	25	16	9	7	1	3	9	
388	25	175	2	1	98	0	9997	25	16	9	7	1	3	4	
389	25	176	1	1	1	0	380	21	12	9	2	1	1	0	
390	25	176	2	1	1	0	380	21	12	9	2	1	1	4	
391	25	177	0	1	98	0	170	17	19	9	2	3	3	4	
392	25	177	1	1	98	0	170	17	19	9	2	3	3	0	
393	25	178	1	1	1	0	902	27	8	9	5	1	1	4	
394	25	178	2	1	1	0	902	27	8	9	5	1	1	2	
395	25	179	1	1	1	0	1430	13	7	9	5	1	1	4	
396	25	180	1	1	1	0	35	9	3	9	6	2	1	3	
397	25	180	2	1	1	0	35	9	3	9	6	2	1	4	
398	25	181	1	1	4	0	1075	3	0	12	1	2	3	4	
399	25	182	1	1	1	0	636	13	1	9	7	3	3	4	
400	25	183	1	1	10	0	1382	21	15	9	7	1	3	4	
401	25	184	1	1	1	0	1520	27	7	8	6	1	1	4	
402	25	184	1	2	1	0	1520	27	7	8	6	1	1	2	
403	25	184	1	3	1	0	1520	27	7	8	6	1	1	1	
404	25	184	2	1	1	0	1520	27	7	8	6	1	1	9	
405	25	185	1	1	1	0	467	27	9	8	2	1	1	4	
406	25	185	2	1	1	0	467	27	9	8	2	1	1	0	
407	25	186	1	1	1	0	1451	21	14	9	1	1	1	4	
408	25	186	1	2	1	0	1451	21	14	9	1	1	1	2	
409	25	186	2	1	1	0	1451	21	14	9	1	1	1	3	
410	25	186	2	2	1	0	1451	21	14	9	1	1	1	2	
411	25	187	1	1	10	0	1097	13	20	9	2	2	1	3	
412	25	187	1	2	10	0	1097	13	20	9	2	2	1	3	
413	25	187	1	3	10	0	1097	13	20	9	2	2	1	4	
414	25	187	2	1	10	0	1097	13	20	9	2	2	1	0	
415	25	188	1	1	1	0	140	23	16	10	2	1	1	1	
416	25	188	1	2	1	0	140	23	16	10	2	1	1	4	
417	25	188	1	3	1	0	140	23	16	10	2	1	1	4	
418	25	188	2	1	1	0	140	23	16	10	2	1	1	1	
419	25	189	1	1	1	0	1380	27	18	10	5	3	4	4	
420	25	189	2	1	1	0	1380	27	18	10	5	3	4	2	
421	25	190	1	1	1	0	35	9	1	10	2	2	1	4	
422	25	190	2	1	1	0	35	9	1	10	2	2	1	0	
423	25	191	1	1	1	0	630	17	2	10	6	3	3	4	
424	25	191	1	2	1	0	630	17	2	10	6	3	3	2	
425	25	191	2	1	1	0	630	17	2	10	6	3	3	3	
426	25	192	1	1	1	0	2	23	13	10	6	1	2	2	
427	25	192	2	1	1	0	2	23	13	10	6	1	2	4	
428	25	193	0	1	1	0	470	9	1	11	6	3	1	4	
429	25	193	1	1	1	0	470	9	1	11	6	3	1	1	
430	25	194	1	1	1	0	35	9	1	11	6	2	1	0	
431	25	194	2	1	1	0	35	9	1	11	6	2	1	0	
432	25	194	2	2	1	0	35	9	1	11	6	2	1	4	
433	25	194	2	3	1	0	35	9	1	11	6	2	1	9	
434	25	194	2	4	1	0	35	9	1	11	6	2	1	9	
435	25	195	1	1	1	0	850	5	2	11	6	2	1	1	
436	25	195	2	1	1	0	850	5	2	11	6	2	1	4	
437	25	196	1	1	1	0	624	13	17	11	1	3	1	4	
438	25	196	2	1	1	0	624	13	17	11	1	3	1	0	
439	25	196	3	1	1	0	624	13	17	11	1	3	1	0	
440	25	196	3	2	1	0	624	13	17	11	1	3	1	0	
441	25	196	3	3	1	0	624	13	17	11	1	3	1	1	
442	25	197	1	1	1	0	1270	13	16	11	2	3	2	4	
443	25	197	2	1	1	0	1270	13	16	11	2	3	2	0	
444	25	197	2	2	1	0	1270	13	16	11	2	3	2	0	
445	25	198	1	1	1	0	1065	17	20	11	3	3	1	4	
446	25	198	2	1	1	0	1065	17	20	11	3	3	1	0	
447	25	199	1	1	1	0	1386	9	14	11	5	1	1	4	
448	25	199	2	1	1	0	1386	9	14	11	5	1	1	1	
449	25	200	1	1	98	0	320	5	0	11	1	3	1	4	
450	25	200	2	1	98	0	320	5	0	11	1	3	1	0	
451	25	201	1	1	1	0	1535	1	10	11	2	1	1	4	
452	25	201	2	1	1	0	1535	1	10	11	2	1	1	0	
453	25	202	1	1	1	0	121	1	15	12	3	1	2	4	
454	25	202	2	1	1	0	121	1	15	12	3	1	2	2	
455	25	203	1	1	11	0	1480	3	10	11	1	1	1	2	
456	25	203	1	2	11	0	1480	3	10	11	1	1	1	3	
457	25	203	2	1	11	0	1480	3	10	11	1	1	1	4	
458	25	204	1	1	1	0	670	5	18	9	7	5	1	4	
459	25	204	1	2	1	0	670	5	18	9	7	5	1	3	
460	25	204	1	3	1	0	670	5	18	9	7	5	1	2	
461	25	205	1	1	1	0	90	17	3	9	7	3	1	4	
462	25	206	1	1	1	0	120	25	22	9	1	3	1	4	
463	25	207	1	1	1	0	1375	17	2	9	6	3	1	4	
464	25	208	0	1	1	0	259	1	20	9	7	2	2	4	
465	25	208	1	1	1	0	259	1	20	9	7	2	2	0	
466	25	208	1	2	1	0	259	1	20	9	7	2	2	0	
467	25	209	1	1	1	0	390	27	14	10	4	1	1	4	
468	25	210	1	1	1	0	120	25	14	10	4	1	1	4	
469	25	212	1	1	10	2	125	21	3	10	1	3	1	4	
470	25	213	1	1	1	0	1442	7	15	10	2	1	1	4	
471	25	214	0	1	1	0	650	9	0	10	3	3	3	4	
472	25	214	1	1	1	0	650	9	0	10	3	3	3	0	
473	25	214	1	2	1	0	650	9	0	10	3	3	3	0	
474	25	214	1	3	1	0	650	9	0	10	3	3	3	0	
475	25	215	1	1	1	0	828	11	17	10	3	1	1	4	
476	25	216	1	1	1	0	1133	5	16	10	3	1	1	2	
477	25	216	1	2	1	0	1133	5	16	10	3	1	1	4	
478	25	217	1	1	10	0	1272	17	6	10	4	4	1	4	
479	25	218	1	1	10	0	520	17	12	10	5	1	1	2	
480	25	218	1	2	10	0	520	17	12	10	5	1	1	4	
481	25	219	1	1	2	0	1091	11	23	10	7	2	1	4	
482	25	219	1	2	2	0	1091	11	23	10	7	2	1	3	
483	25	219	1	3	2	0	1091	11	23	10	7	2	1	3	
484	25	220	1	1	1	0	350	27	8	10	7	1	1	4	
485	25	221	1	1	1	0	75	1	1	10	7	2	1	1	
486	25	221	1	2	1	0	75	1	1	10	7	2	1	4	
487	25	221	1	3	1	0	75	1	1	10	7	2	1	1	
488	25	222	1	1	1	0	1269	27	13	10	3	1	1	4	
489	25	223	0	1	1	0	624	13	2	10	3	3	1	4	
490	25	223	1	1	1	0	624	13	2	10	3	3	1	0	
491	25	224	1	1	1	0	315	5	21	10	6	2	1	4	
492	25	225	1	1	10	2	1400	23	1	11	6	2	1	4	
493	25	225	1	2	10	2	1400	23	1	11	6	2	1	2	
494	25	226	1	1	10	0	926	23	15	11	6	1	1	4	
495	25	227	0	1	1	0	1282	17	6	11	3	4	1	4	
496	25	227	1	1	1	0	1282	17	6	11	3	4	1	0	
497	25	228	1	1	1	10	1430	13	8	11	4	1	1	4	
498	25	229	1	1	1	0	1280	5	10	11	6	1	1	4	
499	25	230	1	1	1	0	902	27	1	11	6	3	3	4	
500	25	231	1	1	10	0	437	15	23	11	7	2	1	4	
501	25	232	1	1	1	0	1185	5	23	11	3	2	1	4	
502	25	233	0	1	1	10	636	13	8	8	4	1	1	4	
503	25	233	1	1	1	10	636	13	8	8	4	1	1	1	
504	25	234	1	1	1	0	1040	23	7	11	4	1	1	4	
505	25	235	0	1	1	0	880	3	21	11	4	3	3	4	
506	25	235	1	1	1	0	880	3	21	11	4	3	3	0	
507	25	235	1	2	1	0	880	3	21	11	4	3	3	0	
508	25	236	1	1	1	0	925	21	22	11	6	2	1	4	
509	25	236	1	2	1	0	925	21	22	11	6	2	1	4	
510	25	237	1	1	10	0	120	25	2	11	7	3	1	2	
511	25	237	1	2	10	0	120	25	2	11	7	3	1	4	
512	25	238	1	1	2	0	170	17	23	12	6	2	1	4	
513	25	239	1	1	1	0	295	15	15	12	7	1	1	3	
514	25	239	1	2	1	0	295	15	15	12	7	1	1	4	
515	25	239	1	3	1	0	295	15	15	12	7	1	1	3	
516	25	239	2	1	1	0	295	15	15	12	7	1	1	4	
517	25	239	2	2	1	0	295	15	15	12	7	1	1	3	
518	25	240	1	1	1	0	1114	9	0	12	1	6	1	4	
519	25	240	1	2	1	0	1114	9	0	12	1	6	1	3	
520	25	240	1	3	1	0	1114	9	0	12	1	6	1	4	
521	25	241	0	1	1	0	465	23	0	7	3	3	1	4	
522	25	241	1	1	1	0	465	23	0	7	3	3	1	3	
523	25	242	1	1	4	3	1260	27	11	12	3	1	1	4	
524	25	243	1	1	10	0	1279	17	11	10	5	1	1	4	
525	25	244	0	1	4	0	1070	25	18	12	3	3	1	4	
526	25	244	1	1	4	0	1070	25	18	12	3	3	1	0	
527	25	245	1	1	1	0	58	21	0	9	6	2	1	4	
528	25	245	2	1	1	0	58	21	0	9	6	2	1	3	
529	25	246	0	1	1	0	140	23	16	12	4	2	1	4	
530	25	246	1	1	1	0	140	23	16	12	4	2	1	0	
531	25	246	1	2	1	0	140	23	16	12	4	2	1	0	
532	25	247	1	1	1	0	630	17	20	12	4	3	1	2	
533	25	247	2	1	1	0	630	17	20	12	4	3	1	4	
534	25	248	0	1	1	0	105	17	19	12	4	3	1	4	
535	25	248	1	1	1	0	105	17	19	12	4	3	1	0	
536	25	248	1	2	1	0	105	17	19	12	4	3	1	0	
537	25	249	1	1	1	0	1340	17	14	12	6	1	1	4	
538	25	250	1	1	4	0	650	9	11	12	5	1	1	0	
539	25	250	2	1	4	0	650	9	11	12	5	1	1	4	
540	25	251	1	1	1	0	610	27	3	12	7	2	1	0	
541	25	251	1	2	1	0	610	27	3	12	7	2	1	4	
542	25	251	2	1	1	0	610	27	3	12	7	2	1	0	
543	25	252	1	1	2	0	924	5	19	10	6	3	3	4	
544	25	253	1	1	1	0	150	27	1	12	7	2	1	4	
545	25	254	1	1	1	0	140	23	21	10	3	3	2	2	
546	25	254	1	2	1	0	140	23	21	10	3	3	2	3	
547	25	254	1	3	1	0	140	23	21	10	3	3	2	4	
548	25	255	1	1	1	0	825	21	8	11	5	1	3	4	
549	25	257	0	1	10	0	610	27	17	12	6	3	1	4	
550	25	257	1	1	10	0	610	27	17	12	6	3	1	0	
551	25	257	1	2	10	0	610	27	17	12	6	3	1	0	
552	25	258	0	1	1	0	37	17	22	12	5	3	2	4	
553	25	258	1	1	1	0	37	17	22	12	5	3	2	0	
554	25	258	1	2	1	0	37	17	22	12	5	3	2	0	
555	25	259	1	1	10	4	720	17	19	12	7	3	4	4	
556	25	260	0	1	2	0	570	9	17	12	2	3	3	4	
557	25	260	1	1	2	0	570	9	17	12	2	3	3	9	
558	25	261	1	1	1	0	1000	9	22	4	1	3	1	4	
559	25	262	1	1	1	0	760	9	0	7	1	2	1	4	
560	25	263	1	1	2	0	1172	27	19	11	4	3	4	4	
561	25	263	2	1	2	0	1172	27	19	11	4	3	4	2	
562	25	264	1	1	1	0	924	5	2	12	1	3	1	4	
563	25	265	1	1	1	0	140	23	3	5	7	3	1	4	
564	25	266	1	1	10	0	244	15	15	9	2	1	1	4	
565	25	267	0	1	1	0	1110	9	21	11	7	1	3	4	
566	25	267	0	2	1	0	1110	9	21	11	7	1	3	3	
567	25	267	1	1	1	0	1110	9	21	11	7	1	3	0	
568	25	267	2	1	1	0	1110	9	21	11	7	1	3	0	
569	25	267	2	2	1	0	1110	9	21	11	7	1	3	0	
570	25	268	0	1	2	0	180	21	18	11	5	3	3	4	
571	25	268	1	1	2	0	180	21	18	11	5	3	3	0	
572	25	268	1	2	2	0	180	21	18	11	5	3	3	0	
573	25	269	1	1	1	0	296	21	1	10	6	3	3	4	
574	25	270	1	1	1	0	1040	23	23	10	5	3	1	4	
575	25	271	0	1	1	0	770	23	19	10	6	2	1	4	
576	25	271	1	1	1	0	770	23	19	10	6	2	1	9	
577	25	272	1	1	1	0	926	23	1	10	6	2	1	4	
578	25	273	1	1	4	0	422	11	19	11	7	2	4	4	
579	25	273	2	1	4	0	422	11	19	11	7	2	4	2	
580	25	273	2	2	4	0	422	11	19	11	7	2	4	2	
581	25	273	2	3	4	0	422	11	19	11	7	2	4	2	
582	25	273	2	4	4	0	422	11	19	11	7	2	4	2	
583	25	273	2	5	4	0	422	11	19	11	7	2	4	1	
584	25	273	2	6	4	0	422	11	19	11	7	2	4	1	
585	25	273	3	1	4	0	422	11	19	11	7	2	4	0	
586	25	273	3	2	4	0	422	11	19	11	7	2	4	0	
587	25	273	3	3	4	0	422	11	19	11	7	2	4	0	
588	25	274	0	1	1	0	520	17	17	9	4	1	1	4	
589	25	274	1	1	1	0	520	17	17	9	4	1	1	0	
590	25	275	1	1	1	10	370	21	5	10	1	2	1	4	
591	25	276	1	1	1	0	500	13	0	11	1	3	1	4	
592	25	277	1	1	1	0	1085	23	17	9	1	5	1	4	
593	25	277	2	1	1	0	1085	23	17	9	1	5	1	0	
594	25	278	1	1	1	0	258	11	15	11	2	1	1	5	
595	25	278	2	1	1	0	258	11	15	11	2	1	1	4	
596	25	279	1	1	1	0	350	27	18	9	4	3	2	4	
597	25	279	2	1	1	0	350	27	18	9	4	3	2	0	
598	25	280	1	1	1	0	210	13	17	9	7	1	1	4	
599	25	280	1	2	1	0	210	13	17	9	7	1	1	3	
600	25	281	1	1	1	0	1280	5	15	10	3	1	1	4	
601	25	281	1	2	1	0	1280	5	15	10	3	1	1	3	
602	25	282	1	1	1	0	1380	27	14	6	2	1	1	4	
603	25	282	2	1	1	0	1380	27	14	6	2	1	1	2	
604	25	283	1	1	10	0	1520	27	8	11	6	1	1	4	
605	25	284	0	1	1	0	1185	5	19	10	3	3	1	4	
606	25	284	0	2	1	0	1185	5	19	10	3	3	1	2	
607	25	284	1	1	1	0	1185	5	19	10	3	3	1	0	
608	25	285	1	1	10	0	1280	5	1	11	7	3	1	4	
609	25	286	1	1	1	0	890	15	11	12	6	1	3	9	
610	25	286	2	1	1	0	890	15	11	12	6	1	3	4	
611	25	287	1	1	2	0	1270	13	22	11	4	3	1	0	
612	25	287	1	2	2	0	1270	13	22	11	4	3	1	0	
613	25	287	1	3	2	0	1270	13	22	11	4	3	1	0	
614	25	287	1	4	2	0	1270	13	22	11	4	3	1	3	
615	25	287	1	5	2	0	1270	13	22	11	4	3	1	4	
616	25	288	1	1	1	0	1270	13	4	11	5	3	1	4	
617	25	289	0	1	1	0	1270	13	12	12	1	1	1	4	
618	25	289	1	1	1	0	1270	13	12	12	1	1	1	0	
619	25	290	1	1	1	0	1070	25	7	12	6	1	1	4	
620	25	290	1	2	1	0	1070	25	7	12	6	1	1	4	
621	25	291	0	1	1	0	1030	3	12	8	5	1	2	4	
622	25	291	1	1	1	0	1030	3	12	8	5	1	2	0	
623	25	292	0	1	10	2	540	1	20	12	2	3	1	4	
624	25	292	1	1	10	2	540	1	20	12	2	3	1	0	
625	25	292	1	2	10	2	540	1	20	12	2	3	1	0	
626	25	293	0	1	1	0	1535	1	16	12	7	1	1	4	
627	25	293	1	1	1	0	1535	1	16	12	7	1	1	2	
628	25	293	2	1	1	0	1535	1	16	12	7	1	1	2	
629	25	294	1	1	1	0	1276	21	1	12	3	3	1	2	
630	25	294	2	1	1	0	1276	21	1	12	3	3	1	4	
631	25	295	0	1	2	0	640	27	5	9	1	2	1	4	
632	25	295	1	1	2	0	640	27	5	9	1	2	1	0	
633	25	296	0	1	1	0	2	23	19	11	1	2	1	4	
634	25	296	1	1	1	0	2	23	19	11	1	2	1	0	
635	25	297	1	1	1	0	180	21	17	9	1	1	1	4	
636	25	297	2	1	1	0	180	21	17	9	1	1	1	3	
637	25	297	2	2	1	0	180	21	17	9	1	1	1	3	
638	25	298	1	1	1	0	1095	27	10	9	6	1	1	4	
639	25	299	1	1	5	0	1410	27	6	1	4	2	1	4	
640	25	299	2	1	5	0	1410	27	6	1	4	2	1	0	
641	25	300	1	1	10	0	203	3	13	12	6	1	1	4	
642	25	300	2	1	10	0	203	3	13	12	6	1	1	0	
643	25	301	0	1	1	0	1520	27	7	11	7	1	2	4	
644	25	301	1	1	1	0	1520	27	7	11	7	1	2	0	
645	25	302	1	1	1	0	380	21	18	10	1	3	1	3	
646	25	302	2	1	1	0	380	21	18	10	1	3	1	4	
647	25	303	1	1	10	0	464	23	13	1	3	1	1	1	
648	25	303	2	1	10	0	464	23	13	1	3	1	1	4	
649	25	304	1	1	1	0	825	21	16	12	3	5	1	0	
650	25	304	2	1	1	0	825	21	16	12	3	5	1	4	
651	25	305	1	1	4	0	1480	3	10	12	5	1	1	1	
652	25	305	1	2	4	0	1480	3	10	12	5	1	1	4	
653	25	305	2	1	4	0	1480	3	10	12	5	1	1	3	
654	25	305	2	2	4	0	1480	3	10	12	5	1	1	3	
655	25	306	1	1	1	0	900	27	23	9	5	2	1	4	
656	25	306	1	2	1	0	900	27	23	9	5	2	1	2	
657	25	307	1	1	1	10	251	5	15	9	1	1	1	4	
658	25	307	1	2	1	10	251	5	15	9	1	1	1	3	
659	25	307	2	1	1	10	251	5	15	9	1	1	1	1	
660	25	308	0	1	10	0	330	1	7	10	1	1	1	4	
661	25	308	1	1	10	0	330	1	7	10	1	1	1	5	
662	25	309	1	1	2	0	1172	27	22	11	3	6	1	4	
663	25	310	1	1	1	0	120	25	17	12	5	3	1	4	
664	25	311	0	1	1	0	120	25	21	9	5	3	2	4	
665	25	311	1	1	1	0	120	25	21	9	5	3	2	0	
666	25	312	0	1	1	0	120	25	14	11	3	1	1	4	
667	25	312	0	2	1	0	120	25	14	11	3	1	1	9	
668	25	312	1	1	1	0	120	25	14	11	3	1	1	0	
669	25	313	1	1	10	0	120	25	1	9	6	3	1	4	
670	25	314	0	1	98	0	120	25	20	11	7	8	2	4	
671	25	314	1	1	98	0	120	25	20	11	7	8	2	9	
672	25	315	0	1	1	0	120	25	20	12	3	3	3	4	
673	25	315	1	1	1	0	120	25	20	12	3	3	3	1	
674	25	316	0	1	1	0	181	23	13	6	5	1	1	4	
675	25	316	1	1	1	0	181	23	13	6	5	1	1	0	
676	25	317	1	1	1	0	94	21	5	6	4	4	1	4	
677	25	318	0	1	1	0	120	25	9	7	6	1	1	4	
678	25	318	1	1	1	0	120	25	9	7	6	1	1	0	
679	25	319	0	1	1	0	1446	13	18	7	5	1	1	4	
680	25	319	1	1	1	0	1446	13	18	7	5	1	1	0	
681	25	320	0	1	1	0	1446	13	4	11	4	3	3	4	
682	25	320	1	1	1	0	1446	13	4	11	4	3	3	9	
683	25	321	1	1	1	0	1040	23	20	7	6	1	2	4	
684	25	321	1	2	1	0	1040	23	20	7	6	1	2	3	
685	25	321	2	1	1	0	1040	23	20	7	6	1	2	0	
686	25	321	2	2	1	0	1040	23	20	7	6	1	2	0	
687	25	321	2	3	1	0	1040	23	20	7	6	1	2	0	
688	25	322	1	1	1	0	1268	5	19	9	1	3	3	2	
689	25	322	1	2	1	0	1268	5	19	9	1	3	3	4	
690	25	323	0	1	10	0	1000	9	20	8	6	3	1	4	
691	25	323	1	1	10	0	1000	9	20	8	6	3	1	0	
692	25	324	0	1	1	0	1430	13	20	8	6	3	1	4	
693	25	324	1	1	1	0	1430	13	20	8	6	3	1	0	
694	25	325	1	1	1	0	304	3	10	8	3	1	2	4	
695	25	326	1	1	1	0	75	1	14	8	6	1	2	0	
696	25	326	2	1	1	0	75	1	14	8	6	1	2	4	
697	25	327	1	1	1	0	130	23	6	9	7	1	1	4	
698	25	328	0	1	98	0	220	27	23	10	3	2	2	4	
699	25	328	1	1	98	0	220	27	23	10	3	2	2	0	
700	25	330	0	1	10	0	1063	21	6	12	3	3	1	4	
701	25	330	1	1	10	0	1063	21	6	12	3	3	1	0	
702	25	330	2	1	10	0	1063	21	6	12	3	3	1	0	
703	25	331	0	1	1	0	660	17	6	12	5	2	1	4	
704	25	331	1	1	1	0	660	17	6	12	5	2	1	0	
705	25	332	1	1	1	0	375	17	8	5	1	3	1	4	
706	25	332	2	1	1	0	375	17	8	5	1	3	1	2	
707	25	333	1	1	10	0	15	13	12	1	4	1	3	4	
708	25	333	2	1	10	0	15	13	12	1	4	1	3	2	
709	25	334	1	1	1	0	436	27	17	1	4	3	1	4	
710	25	335	1	1	2	0	272	27	18	2	3	5	1	4	
711	25	336	1	1	99	0	261	17	17	8	3	6	4	4	
712	25	337	1	1	2	0	1278	27	15	11	5	1	1	4	
713	25	337	2	1	2	0	1278	27	15	11	5	1	1	0	
714	25	338	0	1	1	0	825	21	18	10	6	3	1	4	
715	25	338	1	1	1	0	825	21	18	10	6	3	1	0	
716	25	339	1	1	1	0	1270	13	9	8	1	1	2	3	
717	25	339	1	2	1	0	1270	13	9	8	1	1	2	4	
718	25	339	2	1	1	0	1270	13	9	8	1	1	2	3	
719	25	340	0	1	1	0	310	17	13	11	3	1	1	4	
720	25	340	1	1	1	0	310	17	13	11	3	1	1	0	
721	25	341	1	1	98	0	1120	1	8	12	5	1	1	4	
722	25	341	1	2	98	0	1120	1	8	12	5	1	1	3	
723	25	341	1	3	98	0	1120	1	8	12	5	1	1	2	
